Eigvals	8
0.979626073569307	0.9387482802345862	0.5654843756111935	0.3697788478112608	0.04342023955084467	0.024324045164673035	0.00856542842850281	0.0

Proportion explained	8
0.3343493846421635	0.3203976683539318	0.19300155244079897	0.12620665533014347	0.014819460982643144	0.00830187124683676	0.0029234070034823297	0.0

Species	0	0

Site	8	8
DRR030421	-0.5067925691021375	0.2963013115576346	0.10821877070407322	0.025779243875486756	-0.0023055374228720927	-0.022415499219919525	0.06385320096356134	-0.0
DRR030422	-0.5037068702950329	0.29473234190113295	0.10291217570496967	0.023188981030254286	0.004215010472736744	0.020843779299155724	-0.06445425182046124	-0.0
DRR030423	-0.0815994779509734	-0.5915587179012246	0.09439957525024731	-0.0009294889741126608	-0.07743399567990243	-0.08911558138452626	-0.011366353784961716	-0.0
DRR030424	-0.08593885405061856	-0.5667077562110666	0.05858905816990902	-0.003518491629615097	0.08081667543422288	0.09260073746106741	0.011814281109810958	-0.0
DRR030425	0.4470934661865199	0.19972581279260246	0.27014213635563555	-0.04377088026354195	-0.12241063377643295	0.05944148229448295	0.005752950201642528	-0.0
DRR030426	0.456554863307281	0.195715870321982	0.25067032288627694	-0.04176682554106083	0.1258842321088641	-0.05770342350049437	-0.005652149674689123	-0.0
DRR030427	0.20443718975633696	0.08164925822123073	-0.4007919368970475	0.4471594849245793	-0.004085665310623273	-0.0011177957249608773	-9.781460760241937e-05	-0.0
DRR030428	0.06995225214862458	0.09014187931770916	-0.484140102174065	-0.4061420234219909	-0.004680085825993685	-0.002533699224805237	0.00015013761269893345	-0.0

Biplot	0	0

Site constraints	0	0
