Eigvals	8
0.6799466868103873	0.6186053513184544	0.5138263470560345	0.3833408129348916	0.29131033141352053	0.2738950325883646	0.23140753835844946	0.0

Proportion explained	8
0.22722968707293342	0.20673017918672953	0.17171434513354783	0.12810770999428397	0.09735227295352059	0.0915322976832751	0.07733350797570945	0.0

Species	0	0

Site	8	8
DRR030421	-0.37417309752052447	0.3316496340905623	-0.07208864737235697	0.030142755268857183	-0.24029078693248335	0.2710306542371894	-0.053569098780731336	-0.0
DRR030422	-0.3236614755001298	0.31756849500578743	-0.12441076051143482	0.0697114367567904	0.24394305786919407	-0.2825359136163761	0.06696575919951396	-0.0
DRR030423	-0.1879134019134022	-0.44368270371090546	-0.009382192538965174	0.015125443115553172	-0.25974446201564744	-0.16222452110453084	0.2020368060046126	-0.0
DRR030424	-0.23410214180699218	-0.42915622671860226	0.03082561824413399	-0.053508946014965614	0.2668070813794366	0.1642553827161231	-0.18285281239243764	-0.0
DRR030425	0.34063638202050195	0.0008610199275857915	-0.314922764473827	-0.039064586203496635	-0.13554697682787362	-0.1586893501521431	-0.2855420814918339	-0.0
DRR030426	0.37135020461919643	0.02890603487025083	-0.290272354990501	-0.07157924026869125	0.12885658833123462	0.1975027825692315	0.2608665563192272	-0.0
DRR030427	0.26701393742120155	0.037308183781409876	0.3438491318536853	0.4527348655521111	0.012550506964937673	0.022033344408978913	-0.01350685898863433	-0.0
DRR030428	0.14084959268014788	0.1565455627539108	0.43640196978926615	-0.4035617282061586	-0.01657500876879756	-0.05137237905847394	0.005601730130283618	-0.0

Biplot	0	0

Site constraints	0	0
